# Frame numbers for Amber trajectory extraction (1-based indexing)
# Format: ensemble_size RMSD frame_numbers...
# These numbers can be used directly with cpptraj or other Amber tools
# One row per replicate; replicate number is tracked in the companion mapping file
#
20  3.828 12386 11944 15066 15004 689 47149 29152 29012 47121 47120 12177 29013 13005 41661 41579 28988 47126 45206 21123 29131
20  3.848 12385 29120 47126 47121 47120 47149 48893 12177 14976 41661 21123 29013 41579 42322 41585 13005 11944 21098 29138 15066
20  3.855 45206 47126 21123 41661 29152 47149 14976 689 12177 11944 13005 47120 28988 41579 48893 29012 47121 12386 15148 42328
20  3.856 11944 43302 47120 29012 12177 29138 41579 21123 47149 35619 15066 41661 28988 15004 36816 48893 47121 45206 12386 47096
20  3.857 15066 47121 15004 42327 28988 29123 47120 13005 41579 47126 21123 41658 12386 12177 47149 689 29013 29152 45206 11944
20  3.857 47149 41579 13005 11944 14976 42328 47126 41661 47121 15112 45206 48893 21123 12177 15148 47120 29012 29120 12386 28988
20  3.857 12177 47120 19168 15066 47121 41579 29120 11944 47147 41658 13005 41571 14976 29013 29152 36816 29012 47126 21123 12385
20  3.859 47126 41579 20227 42327 45206 48892 29086 29130 29120 36816 47121 21109 12385 15112 14976 28988 21123 12177 47149 47120
20  3.859 29086 47149 41579 42327 12385 36816 21109 29120 15112 12177 20227 14976 47126 45206 29130 47120 21123 48892 47121 28988
20  3.859 47121 48892 41579 21123 29120 29086 47120 28988 29130 21109 36816 12177 12385 20227 15112 14976 47149 42327 45206 47126
20  3.861 47120 11803 29086 47121 12177 15112 29120 36816 47126 13005 41579 29013 48893 47149 21123 9931 28988 45206 12386 21109
20  3.862 29012 28988 47126 41579 45206 15066 47096 12177 21123 14978 12386 15112 29156 47121 11944 36816 48893 13005 41661 47120
20  3.862 21123 12177 29152 21098 47149 47096 15066 41661 29012 15037 12386 45206 42328 14976 47121 47120 36816 11944 41579 28988
20  3.862 41661 29012 7742 41586 29138 41579 29152 47149 48404 12177 47121 47120 29013 36816 47126 11944 15066 21123 13005 12385
20  3.864 14976 21123 42327 15112 13005 15148 47120 47149 11944 45206 29152 48893 47121 42328 12386 29123 28988 47126 12177 41579
20  3.864 29120 11944 41579 41661 47120 45206 41585 15004 47149 29012 13005 48893 21123 12385 12177 29013 47126 47121 15066 689
20  3.864 47147 13005 20227 41579 11944 41661 41586 14976 21124 12177 29138 29152 36816 47120 21123 29013 15066 47096 12385 47121
20  3.864 29012 29013 19168 47120 29152 21123 47121 12177 47147 47126 14976 15066 41658 35619 11944 29120 41579 12385 13005 29130
20  3.864 29130 12385 13005 29152 29013 41658 47126 47121 19168 35619 21123 12177 29120 47147 41579 47120 11944 15066 29012 14976
20  3.865 41661 47149 15066 11802 29152 29123 12177 12385 13005 29012 47120 48893 28988 14976 47096 41579 21098 21123 47121 11944
20  3.870 15066 28988 29156 14976 21123 11944 12385 47126 47120 45206 29120 48893 47149 47121 13005 29012 12177 41661 41579 15112
20  3.870 47121 47096 21124 48893 29120 45206 14976 41579 21109 29086 47120 29012 47149 12385 29130 21123 15112 36816 42327 12177
20  3.870 12385 47121 11944 21124 29013 41658 13005 29152 12177 47096 41579 47147 36816 47120 29012 41571 21123 29122 15066 14976
20  3.875 47149 41658 47126 36816 47121 12177 29086 45206 29120 29013 21123 15066 41579 15004 42327 47120 12386 21109 13005 28988
20  3.876 41579 21109 48893 15032 47121 29086 47120 36816 41571 47147 12177 21124 47096 45206 21123 29012 29120 13005 42327 12377
20  3.878 29152 47120 41661 29130 13005 12385 29123 47121 17631 28988 11944 12177 41579 14976 36828 15066 47147 47096 21123 29012
20  3.878 29123 28988 47096 42327 47121 48893 29012 11944 29152 21123 22550 47149 14976 21098 12177 47120 13005 12385 41579 36816
20  3.879 29013 36816 11944 47120 42327 21098 21123 15066 14978 47096 48404 12386 29152 47121 12177 13005 41579 47149 28988 41661
20  3.880 12386 21098 41579 41661 47149 11944 47121 48893 29013 14976 29152 47126 13005 45206 42327 21123 29012 29123 12177 47096
20  3.881 47149 14976 42327 36816 29152 47121 15066 41661 47096 11944 28988 41579 29012 29122 12177 12385 21123 47120 21098 13005
20  3.883 29131 45206 689 21123 15004 47120 41585 29013 12177 12388 47126 47149 11944 28988 15112 41661 47121 41579 48892 13005
20  3.883 29156 48893 29130 29120 21098 47126 47121 36816 19168 15112 47149 47120 41579 45206 21123 42327 29012 12177 14976 12385
20  3.883 28988 29013 15112 41579 15004 41571 21124 47121 48893 47120 12177 36816 47096 45206 42327 29131 12377 47147 29086 21123
20  3.883 47121 21109 47126 48893 12385 48324 47149 28988 47120 36816 21123 29086 42326 41579 15112 29012 14989 12177 45206 29120
20  3.884 47096 12177 35619 12386 47149 15004 22582 41579 15032 41661 29013 45206 36816 47120 29012 47121 21123 47147 29152 29131
20  3.886 15066 12386 47121 29152 21123 12177 29013 41658 8254 13005 41579 47147 41571 47096 21124 36816 11944 29012 14976 47120
20  3.887 41608 47149 45206 47120 29131 42327 14976 15112 36816 47121 21098 12177 49150 29130 29012 21123 47126 41579 12385 28988
20  3.887 29012 47121 42327 15112 12385 41579 12177 21123 47126 36816 21098 47149 47120 14976 41608 28988 49150 29130 29131 45206
20  3.889 47126 21109 48893 28988 29130 36816 42327 13005 15030 47121 29013 41579 29086 12177 47120 11803 12386 45206 21123 47149
20  3.890 21124 47096 14976 29152 42328 36828 41579 13005 28988 11944 47120 12177 47147 29122 12387 41658 15066 21123 47121 17631
20  3.890 41579 36816 21123 12177 11944 7742 29012 29013 12388 15004 41572 41661 47120 28988 47126 29152 48404 47121 47149 13005
20  3.890 47121 29138 29156 47096 28988 12276 15066 42327 21124 13005 12385 12177 41579 47120 36816 17631 14976 21123 11944 48892
20  3.890 41579 47121 34806 15148 36816 29086 47147 45206 29012 29152 47096 47120 14978 29120 689 48893 12385 12177 21124 21123
20  3.891 21123 11944 29138 15032 47741 21124 29152 12385 41661 47121 36816 29012 14976 15066 12177 45206 41579 47147 47096 47120
20  3.891 36816 41658 45193 47120 12177 41579 13005 29096 47149 29013 12388 47121 15066 29130 47126 14976 29086 21123 28988 21109
20  3.891 21123 47096 21109 41579 47121 29130 36816 15066 47147 45206 41661 47120 29086 12177 12377 42327 28988 48324 13005 29013
20  3.891 47149 14989 12386 41579 47121 15148 12177 689 48893 28988 29086 29120 36816 21098 47120 21123 45206 42327 29012 47126
20  3.892 689 15148 42327 36816 29012 21123 47120 47126 47149 21098 45206 29120 12177 48893 12385 29130 14976 41579 47121 29086
20  3.892 17631 14976 11944 7742 41658 12177 47126 15066 29156 41579 47121 29012 21123 47120 29120 29130 12385 13005 47149 29013
20  3.892 47741 41586 47121 19168 20227 15066 29012 12177 41579 21123 36816 47126 47149 12385 42328 29120 45206 28988 47120 29086
20  3.893 21109 21124 12386 45206 47120 29012 36816 12177 29013 689 48324 13005 41579 47126 15066 29152 47121 47096 29130 41661
20  3.894 29123 47149 41579 12386 28988 29012 12276 29152 41661 45206 29086 12385 21123 21098 47096 36816 47121 42327 11944 14976
20  3.895 15004 47121 35619 12177 36816 12377 47147 47096 45206 29131 29012 47120 42327 21124 41579 15032 21123 29130 48893 41571
20  3.895 21124 29086 41579 47121 36816 12377 28988 29120 42327 48893 21123 47120 47096 12177 15112 47147 15004 45206 14989 15148
20  3.895 41661 47149 15066 36816 42326 47120 29122 48324 47126 29152 21109 12177 13005 41579 28988 12385 21098 45206 29012 47121
20  3.896 48893 47099 47120 12177 42328 47126 21123 29130 29086 28988 12388 42327 47149 41579 36816 14976 15112 45206 21109 47121
20  3.898 13005 28988 29013 47126 21109 21123 29130 41579 47120 41658 29120 14976 29156 19168 36816 45206 12385 47121 29086 12273
20  3.899 12386 15004 21098 47121 47120 41579 45206 47126 29013 47149 29131 29012 41661 12177 21123 7742 36816 47741 15148 29152
20  3.900 11944 47147 42327 41579 28988 47123 12545 21124 12177 21123 47121 17631 47120 29152 47735 29012 13005 36816 29131 29013
20  3.900 41579 29013 21123 29130 47121 48893 21098 29131 14976 12177 15112 47126 42328 47120 12385 28988 45206 49652 29156 11944
20  3.900 19168 21123 41578 41661 47121 15004 36816 13005 47147 45206 12385 28988 29130 29013 41579 11944 12273 29152 15032 47120
20  3.900 29156 21098 36816 41579 12248 28988 45206 29086 47121 42327 15043 12385 47120 21123 12177 11944 29012 48893 47149 14978
20  3.903 47121 47126 12385 12177 48893 29120 45206 29086 36816 15112 21123 14989 41579 47096 42326 29012 47147 48324 21124 28988
20  3.904 47120 45206 29156 47121 12377 21123 47096 21124 689 41571 29012 12177 41579 15032 47147 13005 42327 48893 28988 36816
20  3.904 12177 11944 12386 41579 29131 45206 42323 28988 11813 17631 21123 29152 47120 47096 47121 29013 15030 47147 36816 13005
20  3.905 15004 29012 12466 15112 41661 45206 21123 41579 7779 29131 47121 12177 48894 47149 48324 47126 689 28988 12385 47120
20  3.905 29012 45206 12386 12385 47741 47096 34806 29013 41579 29152 47149 15032 21123 11944 41661 29130 36816 47183 14978 47121
20  3.905 15112 29152 47096 36816 14978 12385 13005 41579 21123 48892 41975 689 47121 12469 29156 47120 12177 28988 47149 21098
20  3.905 41579 21124 29152 47120 42327 21123 19168 12177 48324 47121 47147 47096 45206 28988 15066 29086 12387 36816 689 29138
20  3.906 36816 47096 42327 12177 45206 13005 14978 21123 47121 28988 15032 29156 15112 47120 11944 41579 47147 29130 48893 12377
20  3.909 21123 12177 47149 13005 47147 41578 45193 36816 29152 41579 47121 28988 12388 47120 29013 15032 41661 36828 47096 15004
20  3.911 22581 48893 47121 12386 47096 21123 11944 15066 14978 29152 15032 13005 41579 12177 47149 29013 12385 41661 29138 47120
20  3.911 15066 41658 41585 42327 29152 47149 45193 36816 14976 47121 41579 29130 12387 13005 21123 47096 29013 47120 12180 21098
20  3.912 12177 21124 14976 29086 45206 36816 21123 47096 29156 47120 42328 15056 20227 12377 15066 28988 29130 47121 47147 41579
20  3.913 21124 12385 47096 48404 36816 29152 15066 47121 28988 12177 47147 9931 47120 41579 21123 42328 41585 22178 29013 13005
20  3.914 29120 29138 29130 29086 29013 14976 48892 45206 21098 12377 47096 12385 11944 21123 47121 41661 41579 36816 15032 47147
20  3.915 36816 47147 47149 28988 21098 41579 29122 49011 29013 47120 21123 47121 12177 15004 12385 45193 42327 29086 41571 15066
20  3.916 45206 36816 13005 15066 29130 47120 41579 14976 21109 47096 29120 47121 29086 47126 21123 12177 29096 12377 41658 29013
20  3.917 29152 47121 12377 47099 42328 21124 29096 12177 47120 28988 47147 41579 689 13005 36816 41571 19168 15066 21123 45206
20  3.919 41585 21123 47120 29120 45193 47147 42327 12388 15112 13005 41578 12177 49011 47126 28988 41579 20227 29013 41658 47121
20  3.919 12385 28988 12469 14978 47096 689 47147 47120 21123 21098 29152 29130 9931 41658 41579 15066 47121 36816 12177 13005
20  3.922 29123 12177 47149 13005 41579 29130 48892 29086 47121 15112 14976 12388 45193 42327 21123 21109 47126 41658 28988 47120
20  3.924 15043 47120 28988 47096 41579 41571 45206 12377 29152 48893 43302 47149 29131 21123 21098 12177 29012 42327 36816 47121
20  3.926 20227 41579 29131 15066 47096 14976 11910 41585 49011 47121 12177 21123 47120 42328 29013 29152 21124 29138 12385 47147
20  3.926 41586 21123 36816 12388 29012 47147 12177 28988 15032 47149 47096 14984 13005 29152 47121 47120 45193 41579 20227 41661
20  3.927 21123 15066 29013 15032 43302 47096 47950 47120 41579 28988 45206 36828 12177 47121 47147 29138 41661 29130 12386 11944
20  3.929 29152 35619 36816 12177 47149 41585 21123 29131 12385 47120 47096 13005 9931 41579 29013 17631 22178 47121 47183 29012
20  3.929 41585 15066 41658 47147 42327 47121 49738 47126 29138 29013 14976 12385 29131 21123 41579 20227 12177 47120 21124 11910
20  3.931 9931 29086 47120 47121 41579 28988 47147 29123 12386 11944 29152 21123 36816 45206 29012 49145 42328 12385 15043 12177
20  3.932 21098 21123 42328 47126 12385 29013 41579 11944 41658 29123 29130 36816 15066 29152 47096 45206 15004 14976 47147 47121
20  3.932 41608 11910 47149 12177 36816 42327 47147 47121 20227 29130 21123 29086 15037 47120 12388 14976 41579 29012 12385 28988
20  3.935 11944 28988 47149 47096 29086 47183 41661 12276 21123 12385 47121 12386 42327 45206 15032 29012 29123 49011 41579 15004
20  3.937 42322 15112 14976 12177 47149 41661 21123 9931 36816 47096 48892 21098 12385 28988 12469 47104 29152 41579 47120 47121
20  3.940 15032 47121 42327 13005 29086 21123 48893 29012 29123 22581 12273 29156 12385 47120 45206 12177 28988 12387 47149 41579
20  3.942 11910 29152 41585 47741 21124 47126 47147 29013 42323 15066 21123 41658 13005 36816 41579 12388 47121 47120 12177 14974
20  3.949 36816 12385 21123 29086 47121 47149 42323 48404 29013 29152 41657 19168 15066 41579 47120 12387 29138 14976 47096 12177
20  3.956 36816 12180 21123 47741 11944 41579 14976 47121 21098 29013 41661 29130 12385 48893 45206 41585 47126 29138 47096 15004
20  3.960 21123 29012 47099 12276 47121 45206 12177 29120 29086 42327 14976 15107 41579 47126 49011 19168 21124 47149 12386 28988
20  3.966 45188 12385 12177 29123 28988 12469 49011 47149 21098 47147 47121 29186 29152 13005 689 47120 15004 42328 41585 29013
20  3.980 21098 29096 12385 36816 47183 29013 41579 28988 41661 11910 15004 29086 47121 47149 12388 21123 29131 15066 41975 47120
