# Frame numbers for Amber trajectory extraction (1-based indexing)
# Format: ensemble_size RMSD frame_numbers...
# These numbers can be used directly with cpptraj or other Amber tools
# One row per replicate; replicate number is tracked in the companion mapping file
#
20  7.046 5618 41247 14530 36726 15723 41764 23236 1952 42922 16305 22813 19258 12467 17668 21822 30332 24528 38449 10508 32015
20  7.046 17668 41764 22813 12467 41247 36726 5618 38449 15723 30332 23236 42922 21822 24528 14530 32015 16305 10508 1952 19258
20  7.046 36726 38449 22813 15723 30332 17668 1952 24528 32015 16305 19258 14530 21822 12467 41764 10508 41247 5618 23236 42922
20  7.046 17668 14530 22813 19258 21822 1952 42922 5618 30332 41247 41764 10508 24528 16305 15723 23236 36726 12467 32015 38449
20  7.046 23236 15723 32015 5618 38449 10508 12467 21822 1952 14530 30332 17668 41247 16305 41764 24528 42922 19258 36726 22813
20  7.046 41247 38449 22813 21822 23236 24528 5618 17668 32015 15723 41764 10508 16305 36726 14530 1952 30332 42922 19258 12467
20  7.046 16305 17668 19258 30332 23236 24528 41247 14530 21822 22813 42922 5618 36726 12467 15723 41764 32015 10508 1952 38449
20  7.046 42922 1952 30332 19258 24528 17668 5618 32015 12467 14530 10508 38449 21822 36726 41764 23236 41247 16305 22813 15723
20  7.046 23236 24528 36726 14530 41247 15723 42922 19258 5618 30332 16305 41764 12467 10508 38449 22813 32015 21822 17668 1952
20  7.046 16305 32015 5618 1952 15723 42922 19258 30332 12467 10508 22813 41764 36726 41247 21822 38449 23236 17668 24528 14530
20  7.046 30332 32015 12467 36726 21822 38449 17668 5618 22813 42922 19258 10508 41247 14530 24528 1952 15723 23236 16305 41764
20  7.046 36726 23236 21822 41764 38449 5618 12467 10508 22813 15723 17668 19258 32015 14530 24528 16305 41247 42922 1952 30332
20  7.046 32015 5618 15723 41247 30332 21822 23236 19258 10508 17668 42922 36726 14530 16305 1952 38449 12467 22813 41764 24528
20  7.046 1952 17668 16305 19258 14530 24528 23236 12467 41247 32015 15723 21822 10508 36726 5618 41764 30332 42922 22813 38449
20  7.046 38449 16305 19258 30332 41247 5618 41764 21822 24528 22813 15723 23236 12467 1952 36726 32015 42922 10508 17668 14530
20  7.046 12467 5618 38449 21822 24528 23236 36726 41764 16305 42922 32015 14530 10508 30332 1952 15723 22813 19258 17668 41247
20  7.046 24528 36726 1952 41247 42922 30332 14530 17668 21822 5618 32015 23236 38449 15723 22813 41764 10508 16305 12467 19258
20  7.046 5618 16305 10508 41247 14530 22813 1952 36726 41764 17668 19258 42922 24528 12467 30332 32015 15723 23236 21822 38449
20  7.046 5618 19258 1952 17668 41764 22813 23236 36726 41247 16305 42922 30332 15723 32015 24528 10508 14530 12467 38449 21822
20  7.046 16305 41247 32015 14530 24528 41764 12467 42922 30332 5618 10508 38449 22813 1952 36726 19258 23236 21822 17668 15723
20  7.046 24528 12467 41764 14530 38449 21822 36726 10508 41247 22813 5618 19258 15723 1952 42922 17668 32015 30332 23236 16305
20  7.046 24528 16305 36726 42922 15723 32015 30332 12467 22813 1952 21822 23236 10508 19258 41247 14530 5618 41764 17668 38449
20  7.046 16305 30332 23236 15723 32015 10508 17668 24528 19258 21822 41764 38449 41247 1952 22813 5618 12467 36726 14530 42922
20  7.046 32015 12467 24528 14530 38449 19258 30332 22813 41247 10508 41764 5618 15723 16305 17668 36726 42922 1952 21822 23236
20  7.046 21822 38449 19258 5618 16305 42922 15723 30332 41247 32015 1952 41764 14530 12467 10508 23236 22813 24528 17668 36726
20  7.046 42922 36726 17668 16305 24528 5618 22813 1952 10508 12467 21822 19258 41764 38449 23236 15723 30332 14530 41247 32015
20  7.046 38449 15723 42922 21822 10508 14530 19258 30332 24528 23236 5618 36726 41764 16305 17668 1952 12467 32015 22813 41247
20  7.046 15723 19258 38449 5618 22813 17668 16305 30332 41764 41247 42922 21822 14530 23236 32015 1952 10508 36726 24528 12467
20  7.046 36726 10508 41247 5618 41764 16305 23236 42922 15723 1952 32015 14530 12467 24528 19258 30332 22813 17668 21822 38449
20  7.046 41764 14530 24528 5618 10508 19258 41247 21822 30332 1952 23236 38449 16305 22813 15723 12467 42922 36726 17668 32015
20  7.046 17668 19258 42922 12467 14530 21822 22813 36726 32015 1952 41247 15723 5618 24528 38449 30332 16305 10508 41764 23236
20  7.046 14530 41764 41247 5618 42922 15723 30332 24528 10508 17668 12467 32015 23236 16305 38449 21822 19258 1952 22813 36726
20  7.046 21822 38449 42922 14530 16305 17668 23236 10508 12467 1952 36726 30332 19258 32015 5618 22813 41247 24528 41764 15723
20  7.046 23236 17668 15723 38449 41764 41247 14530 22813 42922 32015 24528 1952 36726 19258 10508 21822 5618 30332 16305 12467
20  7.046 42922 32015 15723 5618 21822 23236 30332 36726 16305 12467 10508 14530 38449 24528 17668 41764 22813 19258 41247 1952
20  7.046 24528 32015 21822 16305 41764 17668 19258 41247 30332 15723 12467 42922 22813 5618 38449 1952 23236 10508 36726 14530
20  7.046 12467 10508 41764 19258 30332 1952 36726 5618 41247 16305 24528 15723 14530 32015 38449 23236 42922 17668 22813 21822
20  7.046 12467 42922 19258 15723 22813 5618 32015 23236 24528 36726 41247 38449 21822 30332 16305 1952 10508 41764 17668 14530
20  7.046 24528 16305 5618 14530 15723 22813 36726 17668 38449 42922 19258 41247 23236 32015 1952 30332 10508 41764 12467 21822
20  7.046 41247 36726 41764 10508 23236 19258 22813 21822 17668 16305 1952 14530 42922 24528 12467 38449 32015 15723 5618 30332
20  7.046 10508 14530 5618 17668 16305 19258 15723 12467 41247 42922 1952 41764 22813 32015 21822 24528 23236 38449 30332 36726
20  7.046 22813 30332 17668 5618 41764 21822 1952 41247 36726 15723 10508 16305 14530 19258 24528 42922 38449 23236 12467 32015
20  7.046 1952 41247 21822 38449 16305 17668 19258 5618 15723 22813 30332 32015 23236 24528 12467 42922 36726 14530 41764 10508
20  7.046 30332 36726 24528 41764 38449 10508 22813 12467 21822 14530 17668 19258 16305 15723 5618 41247 23236 32015 42922 1952
20  7.046 38449 19258 14530 24528 1952 10508 5618 17668 30332 36726 16305 42922 15723 22813 32015 41247 41764 23236 21822 12467
20  7.046 42922 23236 38449 15723 1952 32015 36726 24528 41247 21822 41764 5618 10508 30332 22813 16305 14530 19258 12467 17668
20  7.046 23236 42922 5618 38449 1952 24528 17668 10508 19258 14530 30332 32015 36726 21822 15723 12467 41764 16305 22813 41247
20  7.046 22813 36726 41247 23236 10508 41764 14530 32015 5618 42922 21822 15723 17668 19258 30332 12467 24528 38449 1952 16305
20  7.046 10508 38449 24528 41247 21822 1952 15723 41764 23236 16305 32015 19258 14530 17668 42922 36726 5618 30332 22813 12467
20  7.046 12467 38449 41764 42922 14530 10508 30332 5618 23236 41247 17668 16305 19258 32015 22813 24528 15723 1952 21822 36726
20  7.046 17668 38449 14530 36726 19258 22813 16305 32015 41247 1952 5618 12467 41764 15723 23236 10508 42922 30332 21822 24528
20  7.046 15723 23236 30332 19258 41764 12467 16305 24528 36726 38449 32015 21822 41247 17668 5618 14530 42922 1952 10508 22813
20  7.046 22813 14530 1952 41764 24528 41247 36726 38449 32015 12467 21822 16305 23236 5618 19258 15723 42922 17668 30332 10508
20  7.046 15723 42922 17668 14530 41247 1952 19258 10508 41764 24528 5618 23236 12467 36726 32015 22813 21822 38449 16305 30332
20  7.046 41764 1952 23236 32015 41247 42922 14530 36726 15723 16305 17668 5618 12467 24528 38449 10508 21822 30332 19258 22813
20  7.046 36726 1952 16305 32015 24528 42922 41764 12467 14530 15723 17668 21822 38449 5618 30332 10508 23236 22813 19258 41247
20  7.046 15723 30332 21822 24528 38449 41247 5618 32015 12467 17668 19258 1952 22813 23236 16305 14530 10508 42922 41764 36726
20  7.046 38449 1952 22813 10508 42922 41764 15723 24528 30332 19258 17668 21822 41247 5618 32015 14530 23236 12467 36726 16305
20  7.046 22813 5618 41764 1952 12467 42922 19258 38449 23236 24528 15723 36726 32015 21822 41247 14530 30332 16305 17668 10508
20  7.046 38449 5618 10508 19258 22813 23236 42922 32015 21822 36726 41247 1952 30332 15723 24528 17668 12467 41764 14530 16305
20  7.046 12467 19258 10508 14530 32015 17668 30332 42922 23236 22813 1952 5618 16305 36726 15723 41247 24528 21822 38449 41764
20  7.046 19258 21822 12467 10508 1952 32015 23236 30332 38449 36726 17668 22813 15723 41764 16305 41247 24528 14530 5618 42922
20  7.046 10508 42922 22813 1952 21822 36726 14530 23236 38449 41247 17668 32015 15723 24528 5618 19258 41764 16305 30332 12467
20  7.046 36726 14530 17668 30332 38449 15723 5618 1952 10508 32015 24528 16305 21822 42922 23236 19258 12467 22813 41764 41247
20  7.046 21822 16305 24528 41247 17668 12467 14530 38449 15723 32015 19258 1952 42922 23236 41764 30332 5618 36726 22813 10508
20  7.046 38449 23236 5618 16305 15723 24528 41764 14530 17668 41247 21822 10508 12467 32015 19258 30332 36726 1952 42922 22813
20  7.046 23236 16305 36726 30332 21822 14530 24528 41247 15723 19258 12467 38449 41764 42922 1952 17668 22813 10508 32015 5618
20  7.046 21822 5618 32015 41247 30332 38449 23236 1952 19258 41764 17668 10508 14530 24528 42922 36726 22813 15723 12467 16305
20  7.046 41764 19258 10508 32015 42922 41247 22813 24528 14530 36726 1952 16305 23236 21822 5618 30332 12467 38449 15723 17668
20  7.046 15723 32015 5618 10508 41247 21822 38449 23236 22813 12467 17668 42922 30332 36726 16305 41764 1952 14530 24528 19258
20  7.046 41764 21822 17668 41247 23236 16305 19258 1952 42922 38449 36726 10508 14530 30332 32015 12467 24528 5618 15723 22813
20  7.046 38449 21822 41764 10508 12467 42922 17668 14530 41247 15723 32015 23236 1952 5618 22813 19258 36726 16305 24528 30332
20  7.046 38449 17668 12467 1952 30332 19258 41247 15723 21822 5618 16305 36726 14530 42922 32015 10508 23236 41764 24528 22813
20  7.046 32015 42922 41764 23236 1952 24528 19258 16305 38449 14530 15723 12467 36726 17668 22813 10508 21822 30332 5618 41247
20  7.046 17668 41247 12467 5618 24528 32015 42922 10508 19258 14530 22813 21822 16305 1952 30332 36726 23236 41764 15723 38449
20  7.046 15723 42922 30332 22813 12467 14530 10508 32015 24528 19258 21822 16305 41247 23236 41764 1952 38449 5618 17668 36726
20  7.046 5618 10508 41764 32015 12467 19258 16305 42922 22813 15723 30332 1952 17668 14530 23236 36726 24528 41247 38449 21822
20  7.046 10508 38449 19258 15723 42922 17668 41764 21822 41247 16305 23236 24528 12467 32015 22813 14530 5618 30332 1952 36726
20  7.046 32015 16305 24528 22813 36726 14530 38449 23236 10508 1952 17668 42922 41247 30332 19258 41764 21822 12467 15723 5618
20  7.046 22813 41247 21822 24528 10508 12467 38449 17668 5618 42922 36726 23236 19258 14530 1952 16305 15723 30332 41764 32015
20  7.046 1952 17668 14530 41247 10508 36726 21822 24528 42922 38449 15723 16305 41764 23236 32015 12467 5618 30332 19258 22813
20  7.046 14530 41247 41764 30332 1952 23236 38449 32015 21822 5618 24528 12467 36726 22813 16305 15723 10508 17668 19258 42922
20  7.046 5618 16305 10508 22813 23236 1952 32015 42922 41764 14530 30332 21822 19258 24528 36726 38449 17668 41247 15723 12467
20  7.046 30332 19258 12467 41247 24528 1952 14530 42922 32015 23236 16305 15723 36726 10508 21822 22813 5618 38449 17668 41764
20  7.046 16305 30332 17668 21822 1952 36726 41764 24528 41247 23236 42922 32015 10508 14530 12467 38449 5618 19258 22813 15723
20  7.046 12467 10508 36726 19258 41247 17668 1952 21822 41764 32015 24528 14530 30332 38449 22813 23236 42922 16305 15723 5618
20  7.046 23236 10508 12467 30332 17668 5618 14530 38449 42922 21822 32015 24528 16305 41247 15723 36726 22813 19258 41764 1952
20  7.046 14530 16305 38449 12467 22813 36726 1952 19258 30332 21822 10508 42922 23236 17668 41247 32015 41764 24528 5618 15723
20  7.046 16305 10508 19258 21822 17668 36726 32015 41764 15723 14530 41247 42922 38449 24528 1952 22813 23236 12467 30332 5618
20  7.062 41247 24528 30332 16305 38449 14530 12467 21822 7065 32015 41764 15723 23236 32942 11598 22813 17668 1952 42922 5618
20  7.062 14530 32015 32942 23236 24528 16305 22813 21822 17668 15723 42922 38449 41247 7065 1952 12467 41764 5618 11598 30332
20  7.062 41247 15723 21822 22813 42922 23236 17668 32015 16305 30332 14530 7065 12467 11598 41764 5618 32942 38449 1952 24528
20  7.062 14530 17668 7065 15723 5618 30332 16305 12467 22813 32015 1952 24528 41764 11598 21822 42922 41247 23236 32942 38449
20  7.062 16305 41247 32015 23236 30332 22813 1952 42922 5618 12467 41764 11598 38449 32942 7065 17668 24528 21822 14530 15723
20  7.062 41764 42922 38449 12467 7065 1952 41247 14530 15723 17668 30332 21822 22813 16305 23236 24528 32015 5618 32942 11598
20  7.062 11598 17668 38449 12467 42922 5618 14530 7065 41764 16305 15723 22813 21822 41247 32942 1952 32015 24528 30332 23236
20  7.063 14530 15723 38449 16305 32942 24528 36726 23236 13027 5618 12467 22813 12088 41247 1952 17668 32015 21822 30332 41764
20  7.063 32942 23236 30332 41247 16305 14530 1952 24528 12088 36726 21822 32015 13027 17668 5618 22813 15723 41764 12467 38449
20  7.063 38449 12467 1952 17668 32015 36726 23236 22813 15723 32942 14530 21822 41247 41764 16305 30332 5618 24528 12088 13027
20  7.078 21822 5618 10508 24528 17668 36726 16305 42922 7065 13027 12467 32015 23236 14530 22813 38449 15723 41247 46776 1952
