# Frame numbers for Amber trajectory extraction (1-based indexing)
# Format: ensemble_size RMSD frame_numbers...
# These numbers can be used directly with cpptraj or other Amber tools
# One row per replicate; replicate number is tracked in the companion mapping file
#
20  2.303 18193 49381 44855 36312 47854 45048 46812 48861 48779 44322 13176 36311 24120 49441 47412 44176 48883 27886 31374 22898
20  2.313 45048 39697 44320 36311 44285 36312 48866 47854 10133 12120 49445 49474 22898 44176 48883 47877 27886 24281 48861 49009
20  2.326 48861 36311 24137 22898 31278 13068 27886 44855 12120 36314 49381 18193 40191 49445 48883 47412 45048 44322 44176 31912
20  2.375 46061 39697 37445 18193 2129 48861 36311 47856 49358 49449 44436 12513 24253 44176 44322 31912 48883 44855 46333 27886
20  2.376 48876 43376 37445 31627 49445 24135 48780 47856 1669 2825 36311 44285 44857 46812 45048 39732 48866 12120 2408 43040
20  2.376 48221 24137 44176 36507 13021 43040 22876 48861 48780 26951 36314 49445 12120 45048 12382 37445 18193 39711 36311 44855
20  2.378 49574 48876 47854 24254 36311 2687 27886 39697 18193 44285 48861 47412 49009 49381 45048 44295 44856 36312 31912 37858
20  2.380 46488 27886 44303 49009 44176 24844 48779 49445 39697 12120 36312 12585 45048 13021 48861 47877 44855 43039 36311 12513
20  2.382 44295 45048 44855 43376 47870 46812 44322 12515 27886 48128 46061 36311 18191 24193 36312 49445 12120 48861 48866 48883
20  2.384 27886 48868 24126 44295 47856 44176 36311 37445 44855 31818 48834 46488 49549 44320 39697 13021 18193 46061 49537 21507
20  2.384 48861 46812 35093 44316 48780 12513 27886 31912 36312 43393 36311 24126 45048 12144 49449 44858 47856 12585 44857 49574
20  2.389 45048 40039 49445 43376 48876 47412 24129 36311 48252 44857 44322 31912 13021 2687 9876 31818 46061 40429 44855 1899
20  2.392 46404 47877 2408 12120 2207 44855 49445 36311 36314 13132 48861 44285 47876 49358 44322 48888 24129 27886 36312 46510
20  2.395 37445 22898 12120 36311 44857 44172 36312 48883 13068 49449 24193 49358 27886 12513 48780 44176 18191 46812 12386 48866
20  2.399 13021 48876 36312 49445 48861 36311 40191 39697 24137 44322 45048 31369 46812 12450 27886 47959 1899 44857 49507 44855
20  2.401 41323 49484 12515 12585 49445 46061 13021 44857 48830 27886 44285 39697 45048 48883 22898 24209 44855 36311 9066 18193
20  2.406 49441 39697 43373 48830 48873 12713 48221 13021 18193 36314 49484 49996 44436 19716 27886 36311 44176 44855 2825 44322
20  2.409 18193 43376 48861 18608 44176 48829 48221 12513 36311 13021 44855 47876 34647 46061 44322 46404 45048 44295 48780 49445
20  2.411 44176 12120 48780 27886 31412 19631 12513 18191 44855 24120 45048 47412 48861 49381 49445 36311 36312 48784 22898 44320
20  2.412 31912 48876 2825 27886 48784 45048 44857 36314 13021 44855 14717 12713 36311 15693 24120 22898 44178 49445 49507 47877
20  2.415 39697 48861 12513 18191 45048 48866 36312 44857 49437 44322 31647 24126 39735 47412 12120 36311 48883 13142 27886 24130
20  2.416 18193 48866 47877 48883 12120 39697 36312 31200 49358 43373 14462 45048 44176 37445 48861 44303 27886 49449 39735 24281
20  2.417 47854 17188 49468 49445 49937 44857 24119 48830 13021 45048 48252 22898 31374 36311 18193 37445 44176 44855 48883 36312
20  2.417 27886 12144 12120 31279 13068 44857 43348 12513 48866 48883 24135 44295 49445 36311 43031 39697 48861 9876 44176 45048
20  2.417 48779 39696 36312 13021 37445 45048 18193 46488 12120 44855 1660 36314 27886 48861 45069 24126 2207 47876 44285 49507
20  2.418 47877 12120 36311 46488 31671 44856 37448 44176 43376 45048 44322 24137 48221 13068 49445 14462 48272 48864 48861 36314
20  2.419 27886 44857 13132 31912 47412 22897 48780 24254 36314 45048 31372 12051 44856 49381 48876 36311 47244 49937 44176 49445
20  2.420 40629 31412 27886 36312 49468 44857 44285 13021 48834 46812 45048 44855 48784 47876 49441 24120 48861 39732 18191 36311
20  2.420 31279 44178 24254 36603 39697 48780 48861 44485 37445 18416 31912 47876 48866 12513 44857 49445 36312 49448 12120 45048
20  2.429 49381 36312 47854 14462 13143 31268 48861 27886 31912 37445 36311 24126 44308 18196 39698 12120 12147 48866 44857 45048
20  2.430 44855 44176 24137 48779 31374 48861 45086 13142 49445 36311 39697 12513 41735 43373 47856 44322 48876 45048 46330 27886
20  2.431 35076 48834 45048 24120 2408 27886 48861 31374 49574 39697 46812 44855 47875 13142 12513 44303 36312 36314 49542 48876
20  2.435 47856 47412 43395 48834 46061 12144 48830 12515 44855 49445 45048 31829 44857 36314 49381 24471 44322 36311 39697 37445
20  2.438 13143 12513 39697 44320 26951 46812 45048 24137 48869 12120 44855 49445 44176 12144 36311 48861 36312 48224 40389 47858
20  2.439 12148 48861 27886 46510 44857 39732 44856 18193 48834 37443 49472 45048 13021 44176 48221 36312 48830 24254 22898 18589
20  2.439 47412 12709 36311 41777 24126 2129 27886 48861 36314 49449 48883 22890 44315 13068 19705 44855 18196 2408 44172 48251
20  2.445 49441 48883 29277 12515 13132 45048 13021 18193 36311 48866 43382 48830 39697 44856 44176 47854 44285 15693 39735 12585
20  2.445 13021 46812 43040 11544 39697 49574 47965 24135 12585 44322 44855 36311 47856 48876 45048 32642 48861 31824 49441 44285
20  2.446 48830 49574 46404 43040 18193 2687 48876 36314 22898 44285 36311 39697 44855 12147 2408 49381 1669 44178 47855 27886
20  2.446 49379 40039 44856 44837 48861 46812 27886 12515 45048 47412 49449 43376 44320 48780 44176 49574 48866 36313 47854 31912
20  2.448 44176 12585 36603 13021 48780 18193 45048 49598 49445 44322 44855 36311 48861 17731 35096 17394 31912 24137 22898 12120
20  2.449 18193 44322 47876 44176 45048 44855 27886 36311 24120 12111 36312 31374 35373 39697 11114 48861 49445 48779 46404 12513
20  2.452 40039 48834 17860 49449 24126 43106 48861 27886 43376 47854 47412 44320 48883 44855 36312 2408 47142 49507 13021 45048
20  2.453 36311 2826 37445 45048 22898 1670 42867 49449 18193 44176 44857 12120 27886 48780 49545 48861 48898 14462 39697 47854
20  2.454 19595 49358 47856 36311 44855 44322 31912 47412 44176 49445 44511 12148 43376 48861 31824 46812 36312 37448 7414 2687
20  2.455 36311 45048 12585 48866 27886 13021 47877 18440 12513 44285 12120 39712 48883 22909 24466 44855 49449 36312 44857 19631
20  2.457 12120 24137 39697 36311 19716 48830 44855 48221 44176 42541 22897 13021 44322 34707 18193 18196 48861 48784 49445 36312
20  2.458 19884 31912 48876 12144 49445 44322 45048 48834 36312 47854 39697 44857 36311 31818 43395 41803 47876 2825 45519 37445
20  2.458 48861 49597 24119 26904 44320 48830 22898 13021 18589 49445 36312 45048 48866 12120 44971 44855 36314 2408 47854 39732
20  2.458 43381 48221 17860 36311 44176 48780 46333 9115 47856 18193 45048 44856 37448 39745 12513 12120 48830 49449 19884 48861
20  2.460 31912 37433 36312 39698 49445 12111 24137 45048 13021 44176 48216 12513 44857 48221 13143 48834 48851 36311 44856 31374
20  2.461 44176 47854 13021 24254 48834 44320 22898 36311 47877 30369 12904 518 49441 45048 39697 44855 48861 2408 12120 49445
20  2.461 44285 13021 49014 31372 48861 49445 24260 48834 49441 44436 47854 48876 47876 45048 39697 44857 36311 36312 43382 35096
20  2.461 48861 43376 49441 38891 19631 40039 47854 44176 45072 31818 49484 24129 48876 12120 47412 44320 39697 27886 44285 36311
20  2.462 47877 45048 19631 44308 12144 44857 49358 36312 44285 39697 48830 12147 22904 34700 49445 24119 36311 12585 48861 18193
20  2.463 19705 47876 2207 46404 18440 49381 44322 48883 12120 44855 12804 47412 2408 36312 43376 18608 36314 27886 48866 45048
20  2.463 49597 48896 12585 47856 35080 49445 44303 44855 45048 48834 31912 39698 8426 36311 44176 49009 13021 12513 1505 46061
20  2.463 43040 44855 31912 43395 26950 36312 9876 13021 18193 37445 36311 49445 45048 31187 48876 48780 24135 2825 44467 14717
20  2.464 36311 45048 34584 18196 48888 48866 44856 45069 47412 24254 22898 49381 31379 48834 27886 13068 36312 24120 18193 24548
20  2.465 45048 44176 44285 47876 48861 48830 43031 13021 12120 39712 49445 49009 12585 24210 22904 47854 537 44855 36311 12513
20  2.467 2408 44857 12120 48830 36312 45048 35382 35137 13145 36314 44285 18193 43376 48861 48883 39697 24217 12585 47854 49445
20  2.468 44285 49445 24111 47876 39697 31279 2408 31912 45048 48866 43376 48883 36314 13021 44857 18416 44855 47412 48861 35289
20  2.469 45048 43395 49441 39697 49223 44857 44285 27886 18196 19705 48876 36314 9876 2826 36311 48830 44855 47412 1899 13142
20  2.471 18608 39398 39697 48861 49445 13021 12585 13176 47412 24127 36311 36312 44855 45048 18193 48782 44285 44322 48883 43592
20  2.473 38889 44855 12513 48830 39710 24471 48343 46061 44511 44857 2825 48883 45048 39697 13021 36311 37445 18193 49445 47876
20  2.473 36312 47854 37451 43376 48830 27886 24129 39707 49358 12120 18193 8727 45048 32092 40039 48883 49379 31184 48861 44322
20  2.477 44857 44465 27886 26984 13021 44855 45048 48849 16692 18193 44295 43373 46061 9876 36311 2687 39732 49449 48834 49468
20  2.479 17695 36311 24126 49445 24478 44776 12144 37445 36312 48866 48861 39698 47856 39697 12709 12111 47412 44857 44320 49358
20  2.480 30853 46061 47856 44855 43376 48128 47854 44176 45048 39148 36311 48834 36314 48830 45016 44322 49441 46812 26984 48861
20  2.482 48861 45048 47412 47876 44320 48834 21546 49445 36311 42396 26951 720 22898 39732 13021 24254 49437 36314 44857 44855
20  2.482 47856 48866 36312 45048 24119 46404 31200 19706 49449 45076 44268 22898 12513 18193 44172 12120 48861 48780 49597 35395
20  2.482 40191 44322 36314 44595 44857 44176 24845 39697 49445 12565 13149 47860 31379 36311 48830 12120 27886 22898 48883 49359
20  2.485 27886 36311 12120 12513 31818 39697 44315 48876 48834 12585 45048 47874 43395 45069 29277 44856 49507 46509 24126 13142
20  2.485 46812 37445 18193 48780 43592 39204 13021 36311 44857 31912 12565 36312 14677 45048 24126 12120 49298 44303 49445 2582
20  2.491 44176 36311 47854 13021 2825 48883 12727 44855 44857 43373 12430 48866 48221 49445 8433 39697 26951 35069 45048 27879
20  2.492 49445 36311 12120 44320 48221 24254 36312 49009 5873 48811 2207 22898 44857 18191 49448 27886 48876 12513 44172 46404
20  2.493 45048 49445 39697 9117 36312 49507 31374 35069 48780 24135 12144 31912 44295 18193 27878 44855 47959 44176 48861 19631
20  2.499 37445 30851 47854 48128 44322 44855 18193 48834 24479 31815 48876 48150 48830 36311 44176 46812 46061 22898 45048 49381
20  2.501 48834 48221 44176 47876 27886 44857 12120 49445 18193 43348 17860 36311 44973 13068 48876 12513 12585 39714 44285 45069
20  2.508 49445 45048 12463 39711 45193 44322 48830 46061 39731 24137 22897 12148 48883 36314 48861 47860 18589 44176 27886 44855
20  2.508 45048 47854 12513 49381 31912 41718 31412 2825 13021 43376 46382 12585 17860 44855 45069 44176 27886 48876 43557 48779
20  2.522 37445 12513 48221 44465 12120 39697 47870 44855 13142 48830 44170 19705 49445 48883 44293 45069 12713 36314 36311 2810
20  2.523 44857 44436 48221 39707 24111 46061 48861 36311 4095 48830 12120 49549 47854 27886 31371 37445 48883 45048 46510 18254
20  2.529 2825 9004 44176 36312 44855 24120 39711 48849 49441 36311 34589 47876 48876 49009 12720 12111 27886 39697 44172 13021
20  2.534 48861 36312 45048 44856 44172 19630 48780 12585 48883 12120 46812 49449 12513 37443 39712 48221 24847 47876 44170 47952
20  2.535 12515 46410 13068 45048 44871 46061 12377 48834 47876 48883 36311 48158 31374 9876 44857 27886 49445 43377 44178 36314
20  2.541 40982 44176 49495 39735 18193 18608 13021 2825 39697 44772 24119 48834 27886 49379 48866 39711 37445 36311 12120 44857
20  2.542 12144 15527 49445 12120 48883 44322 44858 43373 43040 43396 36311 44855 27886 31829 36312 47877 48792 45048 24137 48866
20  2.543 48221 12709 31379 12120 13173 44855 48883 47946 44176 39712 43376 49735 27886 49445 45069 44322 36311 30326 24137 48866
20  2.543 44176 43381 44856 24120 27886 36311 44322 45048 47876 12144 31824 39735 10131 49441 49445 39697 48834 48866 13132 48780
20  2.544 13068 43040 48834 44855 12565 49441 32643 47412 36311 44436 24140 12147 45048 22898 36314 48896 1899 13021 18196 44857
20  2.544 12585 19884 2207 31912 11721 13145 44436 47412 45048 49445 44855 47856 39712 46404 40389 12515 36314 44322 19631 48780
20  2.549 49493 48834 44295 19884 48866 22898 9117 44857 48509 39711 30850 48126 12709 2825 12120 36311 41926 49445 45048 13021
20  2.554 22898 48876 13203 12513 45048 45069 48224 48866 44172 36312 18191 48780 39712 24119 27886 48271 49571 24847 12120 31379
20  2.560 30398 29277 44855 22898 37448 39732 45048 49445 13021 2582 18191 12120 48780 18440 36312 31412 2687 19884 36311 44857
20  2.562 7414 27886 12585 47876 15693 18440 49549 44857 46812 37445 48883 49869 44855 48830 36311 44176 39712 47244 39697 44285
20  2.567 44176 31187 49448 48861 48866 40036 48876 39697 31969 12513 44178 47856 42541 43381 49441 12148 46812 44315 45048 47854
20  2.570 44317 47412 36311 32166 12709 44857 27886 2825 48866 24126 31818 2408 48883 31912 18193 1669 43396 44855 49379 49485
20  2.578 39711 49379 46812 2582 36314 37445 48834 49251 18193 29565 29230 36311 44857 45076 44855 48779 49547 12709 12120 27886
20  2.627 49384 49444 36313 46269 31912 2207 46817 13021 44303 9877 44857 48883 47412 45048 40039 12120 48861 44172 48129 2408
