# Frame numbers for Amber trajectory extraction (1-based indexing)
# Format: ensemble_size RMSD frame_numbers...
# These numbers can be used directly with cpptraj or other Amber tools
# One row per replicate; replicate number is tracked in the companion mapping file
#
20  1.835 6571 41092 46715 8882 11952 15960 32294 18641 7865 44197 15813 6185 27048 130 41350 32215 34107 50349 15958 37805
20  1.835 46713 25547 6014 34164 49827 1644 41350 33300 20301 27063 136 43191 15960 15953 24198 37247 38032 15609 45493 17181
20  1.855 41350 13119 40364 33296 15960 8452 46713 43958 136 6014 41092 21292 34913 44268 15958 6618 39404 25583 5581 25214
20  1.861 15813 6185 18576 27063 7225 50379 211 44816 32226 21292 15960 31301 6014 7711 33300 32211 26186 11952 3140 19757
20  1.868 44308 37200 25610 254 46715 18075 39404 45291 6185 30382 6014 34913 3870 41350 32294 14814 38956 41092 15960 41953
20  1.876 36565 32211 37247 15960 6573 43191 6014 11853 32294 18576 41350 12171 43324 15813 136 14770 15964 25214 276 33290
20  1.886 18075 21292 47291 41254 15953 41350 15813 39404 32294 44197 41092 14472 25547 15960 6014 6185 45030 34913 27065 33874
20  1.891 15964 15960 39404 10790 26186 6387 28765 11952 51430 41092 21117 34913 32292 15609 35625 136 33290 49886 6014 24419
20  1.898 21292 45349 136 15960 39542 2894 33290 131 32294 15964 44197 32725 41092 6031 10498 38465 46713 21059 175 1986
20  1.902 43121 45291 46715 33296 211 34913 16918 15953 10780 46402 28498 32226 6996 45483 22101 6014 10274 15960 439 41092
20  1.903 7535 7077 33290 43120 4765 46715 15962 15960 32288 6031 31445 498 26186 136 12130 39404 21292 5148 25302 32294
20  1.907 28890 6022 15953 32215 7428 15609 42521 136 15960 9835 34599 44197 15066 483 27138 46713 10498 28781 36371 41350
20  1.910 15813 136 54113 9835 46715 6014 44268 25547 14759 19321 8187 39601 41092 22843 17711 11952 8927 49834 15960 41350
20  1.915 33290 11952 40606 15960 41350 7535 11982 14759 32211 136 49827 46402 44441 25610 43120 41092 30382 6022 44401 26186
20  1.915 10274 15960 28518 33867 37805 6022 15964 5368 14933 21277 39404 25652 15609 12193 2453 47112 136 8452 41350 43191
20  1.916 15960 20301 26950 41350 6653 47477 44330 36865 15964 48442 136 6014 12171 28890 31301 33290 5146 32294 45197 40364
20  1.919 33933 41092 8623 10635 48763 26186 13001 15609 15962 5755 49476 8524 43120 15960 4765 17711 32211 22680 14129 46713
20  1.919 6014 15092 2894 33399 43120 15960 32294 46713 8623 16918 28040 15953 22101 4500 3165 136 41092 21292 41350 20152
20  1.922 44308 41350 41092 15975 46713 30516 28733 25610 4765 7023 26186 34650 46715 130 16237 21292 43191 33874 15960 6185
20  1.922 136 25209 6014 31301 15960 25588 6324 5148 15964 27566 8623 8125 47707 24419 12171 44268 18870 34913 46715 3193
20  1.923 26995 25990 24198 15964 48442 175 25610 21888 6718 46713 51362 44268 10499 15960 3193 323 136 34913 18075 6185
20  1.923 30340 47291 25610 41254 15962 26902 6051 15964 44197 3193 34913 46713 41092 40364 2894 43191 136 4765 6185 39404
20  1.925 175 39404 32341 21277 38726 18444 136 21292 8623 6014 26186 40364 39117 51370 43191 50685 11636 47708 46713 15960
20  1.926 54154 5620 19454 38726 387 31301 36865 44401 12193 15953 48439 27065 26640 44197 136 32294 6185 15960 32211 10498
20  1.927 33300 15960 6014 130 25610 15953 26186 11910 41092 9726 47112 5148 28606 16440 14757 18075 41350 14759 7023 286
20  1.930 5146 4765 41092 31301 8126 15962 45493 7023 15813 6014 11952 33932 15960 44367 14770 32210 3181 30218 33300 17735
20  1.930 39430 6014 4500 32294 15960 23503 39404 37928 175 9196 16081 131 33300 39355 483 46715 28890 20301 41350 43191
20  1.931 28568 48442 33290 39394 10797 17487 32211 47915 136 12171 2523 26187 6202 15813 15962 12446 22281 28781 15960 33196
20  1.931 4765 17477 26186 8623 31301 14755 6014 20312 688 31967 32215 15960 15962 25264 7023 41350 33874 36865 40202 43120
20  1.933 9684 10498 15960 14770 37805 7868 6014 38604 39037 15953 34649 21292 18641 5146 32294 131 7225 44197 11952 6551
20  1.934 7081 15092 39045 47708 21292 41350 30113 3140 3193 136 14770 51430 6014 32294 15964 15813 11312 25214 32210 33290
20  1.936 6022 23056 24198 32211 45035 34599 43290 15953 15604 32294 17450 52669 46713 15960 17263 41350 33874 2300 28568 46715
20  1.936 33300 49834 4500 389 5146 48708 15938 136 6014 4501 11952 41350 15960 18870 9695 43191 32294 41092 20207 46715
20  1.936 4760 8623 46713 41350 2523 6014 8473 133 12171 3193 43191 34913 39404 11283 46715 9117 15960 25623 2894 17990
20  1.938 48083 20301 6222 41092 15960 29418 15869 15323 33300 12103 11853 25610 35131 4500 35647 6014 15609 39404 34911 41350
20  1.940 28783 27048 136 7951 26186 46402 53723 46713 14645 21292 44268 15975 35622 41092 43522 15960 6022 49834 41350 4765
20  1.940 33290 47708 38780 9196 47916 37751 51878 22101 15960 11853 6014 46715 26275 2523 32341 45035 41271 43191 15813 38026
20  1.941 35131 19465 30276 8882 32215 8646 37200 41350 44197 136 47915 33585 15960 15092 15947 20352 45523 6022 10749 46713
20  1.944 37337 16920 17477 25302 25610 39404 3193 211 21292 46713 44197 30756 2300 41092 34913 2032 32293 6014 1750 15960
20  1.945 15964 43231 4500 47112 38934 22177 49834 21277 12171 15960 21292 32376 32215 136 47708 175 3687 36413 6014 46713
20  1.945 47708 20207 6014 12171 44367 557 48769 25652 49813 15813 15960 15938 33300 36733 31301 51878 26275 41350 15609 7428
20  1.945 15960 50266 16918 33300 4765 44197 18132 20301 32518 41092 26186 20404 17711 4845 136 24805 25610 15962 6692 1534
20  1.947 43191 17711 39404 12308 4351 4765 15960 17263 41350 26186 41092 46417 25610 14759 18576 15323 136 9694 28800 6014
20  1.948 1751 47112 150 25588 17711 38672 44197 37218 18576 24419 6014 43120 25610 15953 15960 7021 19371 3193 41350 39646
20  1.948 52154 136 20207 8646 14770 15277 39405 25665 198 17263 41092 41350 44268 6014 12187 35131 5368 32215 15960 46713
20  1.949 37247 36865 44268 9196 47302 48490 2523 35761 15813 8553 6014 15960 136 44401 18576 32291 33290 19454 5368 3193
20  1.950 4765 130 15066 15962 33290 12357 41092 26988 40641 44268 45291 15960 39476 6022 17477 25610 45483 47734 47064 26186
20  1.951 4845 46713 39430 39439 38780 15960 8623 24198 15066 4765 43191 15953 43120 26406 22623 22709 136 26898 1802 25547
20  1.956 2020 41092 10894 32291 26995 11952 21292 16656 31301 15960 6185 6022 45424 136 47064 8623 39672 14127 41386 43191
20  1.958 41350 15953 21119 15960 3109 32218 15813 5146 34913 15938 36449 41092 5252 6014 43231 16785 18576 7225 33296 7268
20  1.959 12171 15560 31301 28782 12130 688 7185 41350 43191 5368 198 26186 6014 15960 32215 20275 27255 10444 47837 37805
20  1.960 27282 43191 39404 41350 8006 15960 14814 15604 46506 33874 12131 15953 26186 40181 137 14942 32211 12393 49834 5755
20  1.965 9835 43324 2894 26959 44268 13635 15960 17711 136 54113 18576 15813 32211 6014 33296 41350 50299 38949 46713 18169
20  1.966 16237 41092 20352 12054 18603 6030 43191 2894 43324 41350 46715 130 15609 39211 31301 25547 16656 15960 5899 34913
20  1.966 45291 20378 46713 10274 15953 5146 6022 40969 15960 33300 21292 41350 4006 25610 44352 40181 45203 26972 136 14759
20  1.967 33290 32211 15962 2523 2301 11853 6022 136 47936 12200 5544 688 28794 15960 22583 19465 23837 3193 12192 33399
20  1.967 12171 44250 22177 24198 21292 8882 40364 6022 21277 32265 14759 26986 35627 39439 12187 41350 25580 15960 136 39430
20  1.968 15960 6022 43191 46715 27138 130 13001 12171 25773 136 15958 2301 41092 21277 43487 27675 22281 36511 49834 5368
20  1.968 21292 8623 39404 43190 37805 130 9913 34913 41350 49504 46713 41092 15960 4383 49834 8882 15947 32293 6014 22178
20  1.970 7185 33966 41092 25214 7077 15872 34033 44268 6014 130 11820 14770 41350 47708 1562 16244 46713 15813 32294 15960
20  1.973 6185 15960 37247 8866 40626 32211 136 50243 41092 46715 15092 15953 25713 33932 27254 3923 18576 48764 43191 13001
20  1.973 15953 130 32269 39404 40181 10615 48439 253 4845 33290 20901 26186 45291 47915 15960 18180 7023 28335 20275 41092
20  1.974 41350 47340 14770 14935 15938 130 46713 36865 18576 26972 7185 5337 5154 15960 6014 44197 32294 38726 32210 15813
20  1.974 30382 9694 51336 26186 36865 8066 46713 33296 15958 8623 39045 32308 43120 45493 15960 28890 136 7977 22101 41350
20  1.976 46715 24419 136 32215 27063 6202 44197 15960 34100 33874 41350 3923 23067 37792 5368 11866 32127 7741 49472 15953
20  1.976 5146 32294 46713 15813 1018 44268 41350 5755 52795 31445 11952 49827 6222 9144 3670 33296 15947 15960 7407 19465
20  1.976 8646 47708 32294 12171 15609 5755 20209 17590 15953 46713 14755 11866 14506 47936 13001 15960 53840 130 38780 39343
20  1.978 21292 1065 38850 33955 8553 15953 25665 136 26611 15813 8589 44367 9835 6022 5368 9703 24419 41350 33296 15960
20  1.978 7476 27279 31301 136 39394 10644 52159 49879 6996 11952 15962 21292 2300 32220 6014 19371 15953 1018 175 44198
20  1.979 7655 15609 33279 32215 31301 48961 47708 15960 54156 41349 12171 2909 15947 37805 6014 6422 136 44367 27063 19454
20  1.980 9508 32294 31103 39404 53367 46664 15953 47291 6014 7987 15960 2300 43191 51274 136 19102 11486 41092 19465 3193
20  1.983 44330 15953 9836 8615 6014 46713 15960 7842 198 48411 39404 47340 16124 10498 7077 253 41092 136 41350 25587
20  1.983 24278 21292 6014 17711 8553 60 9836 130 44401 3193 15960 25580 39493 43290 49472 53273 40626 11853 46715 18576
20  1.984 41092 16918 44565 11853 4845 15960 43191 45291 25578 34913 46713 6113 15953 15323 14770 16081 43119 44169 7977 136
20  1.985 32293 25828 49834 43191 47916 41350 12393 13219 15960 4500 15185 10444 4767 32556 6190 39404 22101 9835 136 14759
20  1.985 2069 20209 198 40181 6014 41350 25610 15960 31301 54113 41254 26663 12171 26186 8117 24198 27257 46715 6202 32288
20  1.985 6014 46715 33399 15874 3130 11853 3133 6387 7920 2301 36865 13219 43191 39404 47916 44401 47572 32294 6594 15960
20  1.987 40508 6202 47915 46713 50349 49834 45291 136 2894 47708 32294 16124 51002 21277 44197 10499 26186 33738 15960 12171
20  1.987 6022 49834 8396 136 14284 26406 41350 32291 15813 26871 15960 11992 37604 39430 43120 20352 8646 12034 17711 2301
20  1.994 41092 15960 8623 36565 47144 36580 45661 136 16918 39404 30341 32211 19465 1986 9707 175 30552 6014 15964 2301
20  1.997 6030 32215 46715 47806 41092 21292 8042 24570 33296 38956 9835 41350 44197 130 46712 34913 12187 5544 15960 2894
20  2.005 6014 5368 15964 32291 43253 15960 52370 688 26844 39404 33290 32210 16237 3193 39407 26990 136 48442 203 15813
20  2.010 35647 19454 44308 48763 2523 46713 23555 29805 11853 34649 43324 732 15960 12393 20207 6022 136 45485 25610 10498
20  2.014 15960 18641 46713 1065 10498 44268 17157 7021 9835 31309 6022 2301 41350 3873 19465 28787 24419 136 21277 54113
20  2.016 6996 6185 130 49834 12393 46715 23165 25610 18632 41092 136 11823 21292 3798 39404 35627 26159 43120 15964 15960
20  2.017 33290 15960 15066 583 11853 41350 44367 9068 15869 150 23020 47916 25583 16811 20207 39430 48835 11763 6014 4765
20  2.017 36865 26640 136 31301 24740 8141 49414 15869 54113 33933 39435 5368 15960 48439 20301 175 16146 12193 6022 32294
20  2.019 44241 39140 6014 18213 32211 15964 22177 15960 36865 11425 15813 46715 3193 33277 40878 27275 18576 34911 19454 6022
20  2.020 31301 30341 130 39530 41350 25610 150 32294 33290 46544 27067 28788 19465 12393 19757 253 43231 15964 7023 6185
20  2.023 12130 17571 3140 46417 15960 15609 32210 14485 6014 14757 41047 31301 14770 25547 16918 28175 41350 33933 40395 15813
20  2.027 138 15962 50349 25264 54113 24198 32215 26995 37792 15813 1802 430 15960 6185 18576 48442 49061 41350 35647 43120
20  2.028 2300 20275 26986 130 20307 47915 41092 31445 12130 44268 7066 45493 8038 15960 11952 21119 5146 15953 39394 9685
20  2.043 136 15953 8553 46713 8882 2894 15960 8006 42063 15 6014 10218 43610 41350 27138 3125 15813 27279 44267 28272
20  2.058 47916 12193 38780 36511 2233 40181 18840 20301 6014 46715 43191 46712 15960 47837 39584 47291 25583 45423 15953 34754
20  2.065 15960 24419 44268 41350 6653 51878 7739 3140 35407 2778 12357 5755 47915 13234 46715 33932 50266 12386 20352 19465
20  2.072 14755 15953 15960 35270 18105 7268 133 6014 12130 44197 52012 14506 10498 4765 46715 20301 11288 12357 6537 26223
20  2.076 15962 7476 47708 35131 6014 48764 19130 27275 150 44197 47291 25610 8039 133 15927 12171 8623 10499 36511 46712
20  2.076 43120 7125 150 37490 3133 8623 44361 34599 47112 15960 7739 34918 19465 15874 5146 36040 6014 12393 32210 41350
20  2.092 9818 6453 40328 49641 31284 10766 44197 14755 26012 31301 37218 32210 41350 6022 15953 25302 15813 10498 34107 720
20  2.094 136 6352 8024 15964 44197 43191 13001 36565 10498 29773 4500 1065 33296 15960 26406 6185 32294 53388 45942 6418
