# Frame numbers for Amber trajectory extraction (1-based indexing)
# Format: ensemble_size RMSD frame_numbers...
# These numbers can be used directly with cpptraj or other Amber tools
# One row per replicate; replicate number is tracked in the companion mapping file
#
20  2.163 19860 19103 39710 40910 42783 22713 20507 17057 22981 190 38488 26758 46434 30498 49447 48471 30596 1207 10418 1130
20  2.175 3598 26757 35446 8303 12645 46688 844 49447 16987 30730 19103 39710 49446 20314 23010 1125 10592 50725 8857 190
20  2.177 1209 16987 26960 27606 30554 26758 24700 842 26032 14542 19103 15228 49384 26392 22713 42783 19860 39710 30498 190
20  2.182 1196 30498 22713 17759 10592 26758 42783 14846 1483 16987 14545 19103 17050 19840 32724 38488 11139 2384 50725 23935
20  2.186 19955 1209 26036 31646 17759 19103 14846 29568 30498 23442 16987 22713 44560 38488 26757 49448 1483 50558 8857 42783
20  2.192 1211 22972 10418 19103 35914 19955 50094 23442 6315 39710 38488 26356 72 49447 42783 33300 20282 14530 26757 30763
20  2.192 30554 8857 49446 26787 8314 1698 37372 42783 50725 19244 14894 30762 313 39710 25558 27642 11139 19103 49384 22982
20  2.195 20282 38488 40910 15009 11338 23935 23012 26032 39710 312 26356 19841 19103 33680 31646 17654 1209 30554 28932 13240
20  2.197 10592 42783 14942 19103 49447 39710 49164 16987 19841 30730 26960 8303 11139 50725 22868 1389 17050 416 48471 26757
20  2.200 26757 40822 190 10592 19103 1389 48903 33849 19841 16987 22713 19864 20192 39710 12208 23423 30498 40186 14832 38203
20  2.201 34928 842 14942 1130 33849 30498 38488 22713 31281 190 19840 1209 25570 26356 19103 11 17654 16987 26757 20314
20  2.208 10418 50393 1209 39710 20011 33849 40910 17654 19926 22306 40044 23012 26757 20314 30498 11139 48471 1698 313 19103
20  2.209 49942 26032 44427 1209 1698 20011 26392 30498 38488 16130 10380 39710 14942 40822 19840 26757 22981 19103 19425 30904
20  2.209 19103 50725 1209 39710 26758 8147 13240 14942 26392 48471 30498 30763 22713 10068 16975 27641 26960 72 16987 14530
20  2.211 22713 19103 30554 17654 20014 8545 39710 19840 10237 29868 38488 26392 30498 27653 26356 26787 1209 30293 7 190
20  2.212 39710 22713 26757 14832 30762 30763 30596 50725 22982 9721 12208 190 19103 169 17654 16987 27642 23423 72 26960
20  2.212 14167 22713 30904 9537 17654 190 19103 38908 30554 16975 19849 1209 14846 30498 20314 30596 48471 26757 40910 33445
20  2.214 14545 8303 49446 48636 11139 34906 42783 19103 38488 49384 39710 37372 2381 14942 26787 1209 30498 1130 7 1698
20  2.215 38488 10418 2900 24676 2384 16987 14942 32892 26032 503 272 20282 30498 22982 1483 19103 50725 6248 42783 19926
20  2.216 14530 30499 39710 14942 1698 416 14558 29711 23423 26787 20636 19849 30904 50725 22981 14358 38488 1209 19103 11338
20  2.216 22713 30763 42783 38488 9031 8314 50558 8880 190 26758 39710 10592 22981 19103 15326 24018 11338 14795 33853 14814
20  2.217 49048 14530 7 8303 1130 50725 16987 33300 20282 26758 36094 45684 2900 23012 30499 1483 15343 1389 14942 23442
20  2.220 9481 22713 26392 12208 34195 49446 49187 39265 14846 19103 1209 38488 1698 37830 30498 19926 30762 6247 14814 26787
20  2.220 14795 30763 1698 50725 11139 19955 26787 22972 49446 49187 40603 19103 8857 1209 18417 17050 14931 38488 15168 14923
20  2.223 48471 50725 22982 33848 19103 13156 40822 15943 8303 26758 17050 30499 30762 39710 17759 1698 190 844 23442 22685
20  2.224 9721 50558 14128 39710 14826 12208 17654 339 49448 9263 26757 30498 23935 16987 22713 19103 19840 10592 13310 190
20  2.228 19103 35914 190 26356 14931 38488 30498 1389 20282 17654 26757 684 49446 26966 8857 10592 6240 35373 16987 48636
20  2.229 22713 27642 30763 17654 39710 14545 190 8880 42783 26757 42958 26392 48636 38488 19955 11139 19103 20314 498 49446
20  2.229 22204 20011 26356 13240 22713 19860 684 16987 38487 1209 39710 26758 14558 30763 17654 9721 190 24676 14814 19103
20  2.233 20014 39710 1209 18417 190 27545 50757 47154 10068 13048 38487 14795 30763 26392 20314 23012 8857 7 19103 49446
20  2.233 26392 10418 14846 19860 24018 22981 50725 16987 42783 38488 190 942 471 22585 29334 49446 17057 20634 19103 30498
20  2.235 8857 47060 38488 26757 30904 1130 190 22981 22545 39710 50558 11139 50094 30499 19103 328 35914 33845 20011 31356
20  2.237 22981 22713 30762 42096 19955 14942 327 1698 22837 19103 24018 49446 39710 25558 11338 13240 38488 40910 26758 1389
20  2.238 50725 19841 19926 327 13718 22306 14832 22713 942 19774 1209 23084 40910 1698 23423 10418 34788 39710 30554 19103
20  2.238 23452 14530 1209 17654 27655 30554 38487 17736 22713 9585 39710 327 26787 19103 26356 49446 10592 1698 19955 42783
20  2.241 24481 19103 14532 40822 48471 22713 46172 30730 16987 9752 1483 26960 23423 10470 50725 327 23010 26758 39710 11139
20  2.241 1483 6248 240 20282 19849 30170 17654 47255 30498 16987 42629 50725 10592 27242 14942 38488 48312 14846 19103 2877
20  2.242 1483 312 16130 10592 24700 16987 684 25570 39710 11139 35914 22981 26758 19103 2293 17654 30762 30554 27642 50725
20  2.242 19860 50725 1209 23012 19103 42783 3500 48021 16130 22713 16987 38488 1547 17759 26356 30763 14832 26960 26758 9537
20  2.242 19103 50725 11139 1698 30554 38488 22981 9721 20011 21900 1209 30498 14545 36094 26758 12208 19864 13918 23423 190
20  2.245 19840 20011 8857 39710 23452 30498 9263 32892 23580 23013 16975 11139 26758 19103 30730 190 12287 20314 49447 498
20  2.246 35373 40822 19103 16251 19925 16987 10418 23423 444 30554 27642 39710 190 22713 9721 19864 33849 26364 30498 12208
20  2.246 26367 18555 12208 19926 1209 39710 39265 38488 19103 6240 23580 1698 14846 50725 38203 26785 10592 30498 14530 50260
20  2.246 2644 14931 14846 14530 1389 48471 17050 16987 50094 19860 1209 19103 24018 26757 38488 23011 47337 11338 42783 31646
20  2.247 19103 26758 339 38488 12287 19926 46912 40910 39710 1209 26356 30498 49447 20273 22972 30596 10418 24378 17654 13240
20  2.247 49447 49446 19955 21963 26758 23114 48021 16130 39710 16987 13240 1207 22968 17654 10418 19103 26032 38488 30499 40910
20  2.249 27653 21646 14530 1698 39710 30554 19103 34788 312 23452 35069 9721 42783 50558 22713 26356 28365 190 38488 26753
20  2.250 30499 19103 1483 50558 30498 16119 23442 49048 19840 14942 16987 38488 46434 26787 22713 10236 35914 26392 8857 42629
20  2.251 33680 39710 26032 16987 30554 30904 10418 50725 49187 1209 48021 12208 23012 26757 39413 14646 30498 19103 11139 35914
20  2.251 31646 11139 26787 3486 38488 1211 14530 14931 23013 19103 35765 27641 27642 39710 26392 22306 50725 48636 13240 30499
20  2.252 8896 22678 30730 190 50725 34425 19860 39710 26757 31356 49446 1698 19103 23442 38488 50558 23012 10592 17050 20014
20  2.253 6240 10380 1130 48471 8303 19103 15228 40044 39710 22713 26757 34475 14658 19840 15759 9737 1698 30499 190 327
20  2.255 16975 19841 38488 16987 7 39710 23423 23011 19103 23452 14795 10418 190 40822 14846 2082 30498 498 20283 41864
20  2.256 30762 7669 190 26787 1389 49447 844 16987 22713 30554 15943 1698 20245 11139 22968 33461 19103 40505 40910 312
20  2.256 13302 190 30498 10418 47060 29568 20314 22981 40910 28049 19849 1130 19103 38488 20011 844 1209 49883 26032 36094
20  2.257 42783 39710 14911 33853 17654 26392 37698 22713 8303 40910 26753 15228 1209 190 3499 12645 30498 1130 48636 38488
20  2.258 19931 26392 19103 22231 2779 190 7 41831 39710 21963 14942 12208 22981 23442 30554 1209 30498 25570 35339 38488
20  2.262 20507 37698 38203 50725 26758 38888 39710 25302 190 1207 22198 19849 26392 30498 26032 19103 13240 22981 43477 38488
20  2.262 48471 21901 20507 942 20314 19926 38488 10418 19103 39613 28935 40822 312 22982 50725 13302 14530 20011 30498 39710
20  2.268 19103 11139 50725 49448 23452 190 1389 28365 16987 14942 22678 11338 30499 39710 26753 1096 32724 3499 33853 48471
20  2.268 11139 42783 10068 29568 26356 1196 16987 19926 38488 36094 49446 72 30762 14846 48896 10380 1698 19103 30554 20103
20  2.270 45609 16987 20245 11735 38488 26787 39710 22982 27642 26356 50725 30499 190 7 30604 30554 19103 1211 11139 37123
20  2.270 26356 22713 14530 13240 26032 26392 30149 49187 38488 14923 10236 37372 30499 19103 49446 28932 30498 44092 19840 1209
20  2.271 26356 32892 842 28932 39710 14894 38488 3721 31356 26960 49384 12649 20282 30554 50725 23012 17057 19103 31646 21555
20  2.272 22642 39710 32892 30604 23452 30730 19103 49446 26787 19877 25570 30498 312 23844 1698 23442 19955 14942 10592 38488
20  2.272 24972 14546 30554 1483 14931 30762 47060 42783 38488 1698 19103 12645 22444 11139 10592 9527 15204 27641 16987 50757
20  2.273 50725 26787 684 36094 20008 8303 14894 49446 22982 20245 24681 42130 39710 19103 17050 30498 23442 190 9604 8857
20  2.274 22306 684 14894 23442 19103 17654 23423 27642 20014 30762 190 50678 16987 40910 10418 22982 50725 39710 172 19841
20  2.275 190 7669 49446 26356 444 30236 836 23442 19841 1698 14931 42783 50725 30554 10592 19103 30170 39710 38488 22976
20  2.275 33680 50725 8857 30499 19926 844 30904 11139 35914 23114 19103 30554 20011 39710 50558 190 22577 33445 26758 16987
20  2.275 22981 38488 45609 42783 1698 40822 19485 50725 416 16115 14942 44200 19840 1209 8303 50138 11139 39710 30554 14931
20  2.279 1130 1207 38488 37242 44435 16987 34195 26757 30498 22981 42783 21374 9481 12174 49446 1483 19103 12287 48643 14530
20  2.281 49447 39710 20245 240 16862 38203 12208 46434 16685 24083 26787 19841 30554 8303 10592 7 26356 23452 19103 30498
20  2.282 50725 12208 28982 1209 17654 12808 39710 38488 14942 31646 19103 32603 23012 20011 30554 8857 42783 16846 19860 22267
20  2.283 38488 22981 19103 39710 30499 190 20507 19840 13240 20864 27653 844 14438 22713 8857 45645 40910 14832 29334 26787
20  2.285 14398 19103 35339 30170 32724 13310 10380 39710 11 550 48312 37698 30499 190 338 22713 27653 26757 14658 16987
20  2.286 49446 2384 1207 16987 12208 7 38488 16846 2779 30498 23452 14942 22444 30554 19841 10418 37698 46912 50558 19103
20  2.286 30554 22865 1698 19955 26356 40044 20323 38488 14832 11139 19103 30499 22306 327 28932 49446 1209 37419 49384 29568
20  2.287 31522 14942 1207 836 26392 48471 12208 17654 14829 19841 16987 26960 42783 8303 30498 19103 37961 50285 22713 26757
20  2.288 29868 39710 10418 1130 48312 190 19860 49384 49447 26757 19103 34675 1389 22981 20008 38488 42783 43477 20011 1698
20  2.289 9263 30498 26392 12645 50757 48815 1698 26787 22678 40044 172 17234 25015 49446 14894 39710 30554 11139 19103 272
20  2.291 38487 23423 30554 8857 26356 312 22713 35373 30499 49446 22569 14530 2900 40171 19841 11139 14832 28932 50558 40822
20  2.292 684 19103 16927 32769 328 38488 14942 30292 6407 8857 8303 23012 50725 24083 30554 33848 42783 45609 40910 1483
20  2.292 49447 17057 10418 23010 14135 16130 19860 19103 24703 444 13310 26758 48471 30554 16987 49384 30498 14894 33461 24018
20  2.295 30554 39710 43477 48898 8303 8880 50640 19931 22713 190 26356 1130 26757 327 15228 32388 37372 19103 37698 16809
20  2.297 26753 19103 14832 23442 33853 9537 38488 498 11 21963 22856 16987 34425 190 30236 49446 11338 30763 14012 35577
20  2.300 19841 1113 16987 14942 26392 13240 40910 16666 19103 1209 38488 50757 30554 34928 1483 11139 45609 327 22713 851
20  2.301 30499 44544 22614 32797 26032 39710 24172 10418 27545 16987 35914 30541 38488 49446 26356 172 26392 40822 6240 19103
20  2.307 31281 30499 11338 30170 26356 23012 8303 49741 34780 1389 19103 38488 14942 14832 16987 13240 28932 41864 49187 31646
20  2.313 13240 38187 30554 23012 46434 19841 327 1483 8303 26758 19485 2900 1389 10418 35914 19103 47337 40822 9537 21458
20  2.319 37372 17050 19103 1198 50725 30763 30498 22192 34425 844 22585 14832 28932 49447 22868 17057 30170 49187 26356 49446
20  2.320 40910 28368 844 12645 327 42629 14894 14846 50757 15578 1483 23423 19103 3683 9760 16987 42783 3499 22713 10418
20  2.326 19103 26757 50094 23935 9721 49447 37698 13934 39710 38488 10592 26364 30554 47337 31646 22868 30170 22588 243 42783
20  2.329 34382 48230 19103 14832 16643 22713 23452 8303 30498 49446 23935 14398 50725 14942 26757 19841 8857 17 30763 46912
20  2.330 1192 684 15151 30499 8303 48471 39710 34425 12645 26758 22582 15204 11139 19103 15943 844 40910 9031 17050 50725
20  2.338 46434 1483 14942 24083 30730 14530 13240 28822 19103 42958 29049 8857 23442 24700 11139 20634 23013 29568 34195 38488
20  2.343 10236 30499 47060 26392 50558 10380 47337 30554 9684 328 28611 33858 29568 19103 1483 26758 30293 22713 8880 38488
20  2.346 10418 26355 14530 22308 39710 50757 17654 30730 23423 26392 49164 49150 22713 35373 19103 30904 12208 22306 30498 1211
20  2.369 8303 48643 30213 30292 1483 1198 19842 14942 37372 50725 30762 16987 42783 22968 14846 17050 14385 15343 19103 1130
20  2.380 14012 19103 1209 47154 11152 10068 46438 17234 48643 39710 14942 23442 836 26392 15204 49384 42783 30730 7 14832
