# Frame numbers for Amber trajectory extraction (1-based indexing)
# Format: ensemble_size RMSD frame_numbers...
# These numbers can be used directly with cpptraj or other Amber tools
# One row per replicate; replicate number is tracked in the companion mapping file
#
20  3.117 43548 40520 28793 264 825 3539 44184 9366 48833 28774 526 6988 23112 262 793 5099 1040 9177 528 2980
20  3.134 643 4057 28783 528 48649 937 28774 9323 262 6986 44184 825 48833 264 40520 6988 8346 3564 793 23112
20  3.137 3539 825 48649 8346 6991 793 264 1040 526 262 4316 528 48833 28774 44184 27366 40539 9366 28793 6986
20  3.142 48666 23112 798 28774 40520 6988 825 262 793 28793 264 48833 2980 9366 528 9177 3539 4057 8346 43934
20  3.145 1040 28793 48435 3539 264 9323 6991 8346 528 7133 43934 48649 798 4248 9366 262 770 28774 495 29102
20  3.147 262 6988 462 43936 263 28774 798 6986 48560 526 48833 8346 4248 643 44184 9177 29102 528 3539 28793
20  3.148 264 9365 23112 48435 770 262 3539 462 48666 28783 48833 2980 828 4057 7133 43937 798 9366 28774 653
20  3.149 48649 6988 825 48833 4008 23112 40520 28793 2980 44184 528 798 793 28774 262 9366 264 1040 2309 8346
20  3.150 798 3539 264 48649 40520 4179 793 43934 2980 262 9366 6988 528 9323 825 28793 28774 23112 1040 48833
20  3.150 1040 8346 528 28774 44184 262 263 3564 825 526 3539 9323 40121 29102 793 6986 7133 48833 28793 48649
20  3.154 262 6986 462 9366 798 3539 48435 264 23112 770 1040 43934 9323 28774 48833 4450 28783 4316 529 49036
20  3.155 825 528 262 8346 798 4316 6986 48833 48649 264 9366 28774 28508 3564 28783 793 2980 9177 43934 40520
20  3.157 6988 48833 264 7133 40087 43934 798 528 504 28793 44184 262 793 28774 4248 2980 9323 3539 9366 12612
20  3.159 28774 9323 48833 793 798 6988 28793 3539 23112 43926 4248 263 651 44184 6986 48560 528 462 262 8346
20  3.161 161 4248 825 7133 28774 40121 28793 3564 262 9365 6990 793 43937 528 798 8346 48833 44184 23112 6986
20  3.162 262 48649 2980 264 28793 798 28508 43934 6986 825 3564 9366 4316 528 793 28774 48666 40520 9365 48833
20  3.163 9346 798 28774 4070 6986 526 6988 262 459 48833 263 4316 9366 48649 489 2980 793 43934 44184 28793
20  3.163 528 257 6986 28774 48833 4248 9177 262 526 6991 28793 462 43926 23112 44184 798 48560 793 3539 8346
20  3.164 262 48435 48560 798 3539 8346 37292 28774 28783 6986 48563 528 789 48833 44184 9366 937 264 3891 462
20  3.164 1040 9177 8346 48435 6986 23112 264 793 44184 937 3891 4316 48833 48542 28783 40520 770 28774 528 263
20  3.164 28783 48435 798 789 48560 48833 4316 6986 528 9366 262 504 28774 7133 44184 8346 462 12612 264 3564
20  3.164 262 48833 6991 4248 48560 462 28793 528 28774 43937 3539 828 798 8346 526 44184 19895 7133 793 9365
20  3.164 43934 770 264 40275 495 7133 3539 28783 28774 529 48435 23112 6986 1040 48833 9366 789 8346 4055 262
20  3.165 43545 44184 6991 28793 5099 263 37292 4070 528 8346 48833 28774 9365 3539 262 793 48560 937 40710 798
20  3.166 9323 262 489 9366 28774 43934 790 48649 7133 798 3564 27402 48435 28793 462 3539 257 48833 528 4450
20  3.167 29102 526 43934 3539 770 8346 48435 462 828 6986 937 6988 48833 9366 4316 21734 262 48666 28774 264
20  3.168 256 9323 804 48947 4057 6986 3539 48833 28774 48435 770 526 23112 29102 828 643 8346 262 44184 1040
20  3.168 48649 793 6991 526 28774 3539 5099 8346 23112 48560 9323 825 3564 1040 44184 528 262 462 264 28793
20  3.169 4248 6988 9323 29102 28783 3539 462 256 262 28774 48435 526 828 9366 770 2980 798 8346 43934 48833
20  3.169 28774 28793 4057 48435 6988 528 264 3539 798 43937 462 9323 825 262 48666 23112 48833 4450 1040 8346
20  3.170 798 528 6986 4070 28774 3891 48435 43936 29102 262 263 751 28783 9366 48833 8346 48560 937 462 48649
20  3.170 44184 28793 28774 6986 263 48435 798 790 4141 262 23112 48649 462 8346 9365 937 3885 528 48833 48560
20  3.172 4057 793 6986 820 40520 8346 528 9366 6988 798 264 28783 3539 23112 43936 48560 48833 643 28774 262
20  3.172 263 530 8346 6986 28793 44184 23112 40121 9365 48560 44177 6988 262 825 28774 48833 4316 3539 793 528
20  3.172 937 43936 264 6986 28793 48833 28774 528 825 8346 40520 798 9366 4070 489 3539 6988 44184 48560 793
20  3.173 262 7133 6986 825 28774 48649 3564 4057 9366 44212 28793 528 9323 23112 793 44184 653 462 264 48833
20  3.173 504 28783 4057 793 28774 262 6986 48649 798 8346 40520 48560 44184 3564 825 528 6988 48833 643 27402
20  3.174 48435 48833 48649 257 4055 770 43934 28774 1040 17524 264 8346 528 9366 29102 4070 6991 798 495 4450
20  3.176 825 264 28774 3564 7133 462 4450 48649 28793 653 9366 26239 9323 528 4057 44184 793 262 6988 48563
20  3.179 48833 12612 9366 28793 6986 528 264 48649 40520 28774 44184 5077 2980 262 793 3564 9323 1040 825 798
20  3.180 28774 9366 3539 526 44184 43936 462 6986 8346 793 48666 48833 825 528 6991 165 23112 258 4316 17524
20  3.180 798 48833 4450 770 937 528 40520 28774 3539 9365 23112 28783 6988 213 48666 4248 43934 262 8346 48435
20  3.180 4316 462 6986 263 6988 4070 9366 48463 48649 264 528 48833 28783 798 43934 793 44184 937 28774 8346
20  3.181 4141 40520 48560 28774 23112 48833 44184 28793 798 1040 8346 489 6988 540 825 6986 793 262 3539 43936
20  3.182 1040 28774 751 798 8346 528 262 48649 6986 48833 43937 3885 28783 23112 937 9323 5099 263 48435 462
20  3.182 825 48833 48649 6986 29102 264 40121 160 3567 28783 9365 528 540 793 28774 7133 3891 9366 44184 9323
20  3.183 48435 39669 9174 3539 258 48649 48833 6986 528 28774 489 526 4316 19895 263 798 8346 6988 460 43937
20  3.183 825 48833 9365 793 48666 3891 262 43926 8346 4070 263 937 6988 28793 6986 23112 28774 528 44184 40121
20  3.183 263 825 43937 6986 9365 530 793 28774 4248 6991 28793 8346 3539 48833 937 44184 489 262 48666 23112
20  3.184 489 262 6988 8346 9323 43936 528 48649 29102 1040 9365 6986 4056 28774 21734 48435 3539 825 264 770
20  3.185 4450 48649 462 43934 773 528 12612 4070 48435 28774 798 40275 48833 264 262 28793 8347 6986 9365 3564
20  3.186 48833 23112 6988 28774 48649 7133 6986 264 4070 793 263 28793 798 40520 43937 528 3539 462 44184 9365
20  3.186 462 4070 526 257 48649 7133 39669 489 798 528 6986 3539 48833 43937 44184 263 29102 28774 6988 9366
20  3.187 825 29102 3539 48578 44184 28783 6986 643 4248 9323 6988 8346 264 9366 529 3891 28774 770 262 820
20  3.188 40121 43934 828 262 7133 9366 798 3567 257 29102 48833 770 9365 529 48435 28774 2980 28783 3539 9323
20  3.189 28774 535 9365 793 6988 44184 262 43934 6986 528 48833 264 4070 40121 48649 3539 9366 825 28793 37292
20  3.189 44184 48435 257 825 262 770 23112 1040 28774 798 6988 40520 6986 48649 28823 9365 48833 8346 4056 528
20  3.190 798 6988 35447 28774 3539 48666 40539 825 44184 8346 28793 793 528 48833 820 262 6986 4450 9366 4316
20  3.190 544 264 40520 48666 6986 23112 3564 9365 28783 9323 825 3539 528 28774 48649 7133 160 793 3891 44184
20  3.190 4055 462 8346 526 23112 257 28774 770 6991 40079 48833 3539 6986 48435 43937 262 9366 798 1040 27402
20  3.191 8346 48560 48435 937 256 3539 264 28783 28508 9365 6988 28774 793 770 798 44184 48833 4316 40710 6986
20  3.192 793 4316 48649 40803 48560 9365 28774 540 528 40536 825 44184 8346 6986 6991 48833 3539 264 28793 798
20  3.192 825 40121 43926 262 28793 9366 6986 3539 504 793 23112 8346 2980 4316 48666 526 28774 48833 258 44184
20  3.193 4141 9177 798 44184 23112 529 6988 6986 28783 48833 262 643 440 28774 770 39669 48435 3539 257 8346
20  3.193 9366 263 6992 48649 43937 262 798 48833 793 28774 6986 528 28783 4316 7133 28508 44184 40121 460 3564
20  3.194 48572 40536 44184 793 798 7133 825 3539 528 262 48649 3891 1040 6986 460 9323 6988 28793 526 28774
20  3.194 48560 27402 28793 526 44184 798 43926 48833 8346 40585 263 6986 9366 4248 262 3539 28774 6988 504 528
20  3.197 4070 460 263 28774 643 793 804 48833 28793 262 48649 6986 9366 7133 44184 526 6988 3892 43937 40121
20  3.197 43937 8346 6988 263 48833 528 3539 27402 9365 7133 4248 28783 462 48649 790 798 2309 262 40275 28774
20  3.197 28783 526 528 43934 773 4316 48435 39669 264 3539 48833 48649 258 6988 462 9366 6986 8346 28774 489
20  3.198 793 48833 262 528 7133 48427 28793 9323 44184 263 28774 40520 489 8346 6986 798 28506 4316 48649 3564
20  3.199 6986 3891 8346 793 48649 28793 9174 23112 798 528 1040 262 7133 6988 44184 3612 263 161 28774 9323
20  3.199 48435 39669 8346 528 504 43934 21337 798 937 3539 6988 28774 263 6986 40712 264 48833 9323 4316 48666
20  3.199 7133 4055 29102 28774 798 4450 6988 4008 9366 462 257 43934 48435 526 262 770 8346 28783 48833 40121
20  3.200 4617 6988 43926 262 44184 9366 793 48649 528 23112 4057 263 798 28793 40520 504 48833 28774 6992 7133
20  3.201 773 462 3564 262 6986 9365 798 48833 28783 43934 48560 28774 48649 48435 23112 4141 8346 643 264 528
20  3.202 6986 28793 262 27402 7167 48833 528 9176 793 28774 264 44184 462 3564 4316 48542 526 48649 9366 798
20  3.202 28774 23112 2980 6988 770 9366 262 4070 29102 48833 43934 828 528 526 44184 9365 48435 256 40121 3567
20  3.202 48435 9365 798 1040 28774 40710 3891 44184 48469 6988 6986 28793 528 264 504 9346 4070 770 48649 262
20  3.202 6986 9365 495 9323 4031 28774 798 2980 770 43934 528 43424 48833 257 23112 3539 28823 48435 264 40520
20  3.203 48560 3564 27402 4316 262 462 40520 2309 48833 8346 28783 528 48649 44184 9365 28774 789 263 798 6986
20  3.205 28774 9366 7133 28783 773 3564 6992 264 48649 48435 4057 462 798 28506 262 48833 43545 8346 40121 528
20  3.206 8346 48833 9366 798 27402 262 773 3539 462 44184 526 165 6988 28774 43934 4248 528 7133 28783 48463
20  3.206 48435 4057 43926 798 264 3539 8346 40121 6991 770 9365 7133 28774 48833 23112 528 40272 48664 28793 262
20  3.209 504 6986 5099 44184 440 48833 263 43545 7133 28774 262 23112 3564 28783 4316 793 643 528 9323 39669
20  3.209 8346 48833 40121 793 23112 43937 4316 3539 44184 7133 489 825 28774 6986 9366 6988 28508 535 262 257
20  3.210 262 48435 40121 6988 6986 48833 8346 28774 48649 4316 825 798 9366 28783 3891 43926 462 27402 258 528
20  3.212 6988 4057 544 28774 9366 3539 48649 798 825 264 43934 48666 4450 528 48833 489 29102 28783 9365 40520
20  3.215 256 528 6986 828 40539 28774 4450 23112 48833 262 9365 9177 44184 48666 29102 4248 798 43926 3539 526
20  3.217 4207 23112 4450 4316 9177 937 40710 8346 48435 6986 48833 528 12612 793 262 43937 28774 798 264 6988
20  3.218 462 8346 4141 770 44184 23112 43934 798 48833 28793 6988 3539 262 40121 257 48435 9366 28774 2980 526
20  3.220 3539 28774 9365 28793 44184 798 2980 264 48666 9366 6986 262 4070 767 937 43934 462 48833 48435 828
20  3.221 9323 28793 770 6986 40710 48833 264 28506 3539 3580 10631 4450 57 4248 44184 9366 28774 820 528 798
20  3.223 48833 3539 6991 40611 528 262 793 48649 3564 44184 9366 790 9177 27402 28783 264 7133 28774 937 460
20  3.223 460 44184 3539 48435 258 6991 28793 825 528 3564 8346 793 40121 28774 769 48833 262 9365 23112 48649
20  3.223 28774 528 798 39564 48833 4141 8346 3539 263 643 6988 6986 48435 462 804 28783 262 43937 14451 48560
20  3.231 17524 48833 26997 825 798 43937 257 793 9323 462 9366 28774 6992 165 528 7133 3539 6986 44184 3564
20  3.237 793 44184 528 826 10631 264 48435 2715 798 28774 48649 9365 4316 4450 23112 28793 7144 262 48833 40520
20  3.247 827 8346 3539 798 4316 48833 28793 40666 44184 793 40712 48435 937 28774 540 263 6986 43926 6991 9323
20  3.267 262 770 3539 526 48833 3580 528 8346 828 6991 28379 28774 13 9366 44184 39564 257 7133 29102 9323
